0.9787837266921997
0.9836065173149109
0.9419896602630615
0.9870365858078003
0.9096224308013916
0.9751123189926147
0.9416343569755554
0.9777160882949829
0.9898340106010437
0.9889819025993347
0.9276660084724426
0.9932688474655151
0.9730022549629211
0.9872491359710693
0.9767605662345886
0.893755316734314
0.9765366911888123
0.974959135055542
0.9535083770751953
0.9731548428535461
0.9694269895553589
0.9778168797492981
0.9827009439468384
0.9853043556213379
0.9536888003349304
0.8026030659675598
0.9897006750106812
0.9580261707305908
0.9746828079223633
0.987280011177063
0.9868074059486389
0.9553671479225159
0.9535050988197327
0.9780157208442688
0.9840059876441956
0.9815822243690491
0.9277483224868774
0.9859189987182617
0.9601172208786011
0.974356472492218
0.9759660959243774
0.9795630574226379
0.992444634437561
0.8356441855430603
0.977967381477356
0.9843686819076538
0.6012564301490784
0.9679719805717468
0.9158069491386414
0.6983768343925476
0.9776169061660767
0.9724897146224976
0.9400674104690552
0.9905254244804382
0.968306839466095
0.9621982574462891
0.9519798159599304
0.9061414003372192
0.9516175985336304
0.9693814516067505
0.9813077449798584
0.9709270596504211
0.9735902547836304
0.9953848123550415
0.9461008310317993
0.7533103227615356
0.8711193203926086
0.9597028493881226
0.7789798378944397
0.9598766565322876
0.9424796104431152
0.9905451536178589
0.9736598134040833
0.959425151348114
0.9781724810600281
0.9871047139167786
0.8257851004600525
0.9774190187454224
0.9674632549285889
0.9599934816360474
0.9841692447662354
0.8622583150863647
0.9332171678543091
0.9940502047538757
0.99139803647995
0.9711775183677673
0.6126598715782166
0.9829121232032776
0.9166108965873718
0.8528093099594116
0.9637228846549988
0.9051192402839661
0.9246466755867004
0.9890509247779846
0.9758028984069824
0.9365782141685486
0.8290605545043945
0.9832901358604431
0.9817236661911011
0.9785353541374207
0.9910694360733032
0.9555310606956482
0.9225465059280396
0.9853911399841309
0.9489976763725281
0.9520970582962036
0.9681633114814758
0.9905299544334412
0.8744299411773682
0.9857854247093201
0.9524054527282715
0.9754700064659119
0.9913672804832458
0.990689218044281
0.9765154719352722
0.9726808667182922
0.9889553189277649
0.9354444146156311
0.9709617495536804
0.9490475058555603
0.9877393841743469
0.9280227422714233
0.9808475375175476
0.9512240290641785
0.9769577383995056
0.9651091694831848
0.986077606678009
0.9626328349113464
0.9495596289634705
0.9679959416389465
0.9884552359580994
0.9421144723892212
0.9620015025138855
0.9895859956741333
0.9613842964172363
0.9910699129104614
0.9864798188209534
0.966917097568512
0.9804369807243347
0.9572603702545166
0.9833213090896606
0.6800270676612854
0.9748317003250122
0.9733781218528748
0.9667717814445496
0.9657814502716064
0.9772122502326965
0.934516429901123
0.9627735614776611
0.9390646815299988
0.923504114151001
0.9763198494911194
0.8807777166366577
0.9667125344276428
0.920643150806427
0.9574362635612488
0.965640664100647
0.8490439653396606
0.9463226199150085
0.9879300594329834
0.9429101943969727
0.9378059506416321
0.9973296523094177
0.9564467668533325
0.9819585084915161
0.9506421685218811
0.9656522870063782
0.9683838486671448
0.9680673480033875
0.962529182434082
0.9654513001441956
0.9444950222969055
0.8632091879844666
0.9340507984161377
0.9520746469497681
0.98708575963974
0.8910024762153625
0.9834376573562622
0.9778479337692261
0.9902014136314392
0.8021615147590637
0.9862997531890869
0.9507524967193604
0.9580081701278687
0.8385426998138428
0.8567941784858704
0.9740814566612244
0.9393550157546997
0.9444854259490967
0.9596434831619263
0.8696733713150024
0.9785016179084778
0.9463270902633667
0.9676005244255066
0.9426891207695007
0.9865559339523315
0.9846988320350647
0.9406477808952332
0.974134624004364
0.9763593673706055
0.983699381351471
0.9834534525871277
0.9290351271629333
0.9851554036140442
0.9856585264205933
0.9505663514137268
0.9503642320632935
0.9851406812667847
0.9924811720848083
0.9516022801399231
0.9590530395507812
0.9046452045440674
0.9858205318450928
0.9903268814086914
0.9748378992080688
0.9660769104957581
0.9905978441238403
0.936830997467041
0.8978998064994812
0.9935447573661804
0.9769347310066223
0.9150519967079163
0.944054901599884
0.9617177248001099
0.9859296679496765
0.9351319670677185
0.982803463935852
0.9737951159477234
0.982991635799408
0.9332205653190613
0.9926468133926392
0.9876332879066467
0.9856932759284973
0.8753198385238647
0.9492334723472595
0.9952952265739441
0.9952740669250488
0.9842180609703064
0.9714497327804565
0.9877415299415588
0.9760841727256775
0.9697415828704834
0.9903063774108887
0.9810061454772949
0.9834205508232117
0.9739972949028015
0.9357106685638428
0.9338148832321167
0.9273326396942139
0.9651594161987305
0.9860247373580933
0.9623064994812012
0.9830858707427979
0.9364977478981018
0.962182343006134
0.90547114610672
0.9670299291610718
0.9664516448974609
0.9431262016296387
0.9437904357910156
0.962725818157196
0.9785729646682739
0.9860674142837524
0.9795413613319397
0.9198724031448364
0.9155638217926025
0.9308218359947205
0.866226077079773
0.9235671758651733
0.9468756914138794
0.9325198531150818
0.9332598447799683
0.9893122911453247
0.900431215763092
0.9743590354919434
0.9942837953567505
0.9577597379684448
0.9329302310943604
0.9862062931060791
0.84430330991745
0.9708592891693115
0.9872073531150818
0.9741371273994446
0.9796557426452637
0.960261344909668
0.9805147051811218
0.9867947697639465
0.9467622637748718
0.9870966672897339
0.9764059782028198
0.9427429437637329
0.9357613921165466
0.9703996181488037
0.9254706501960754
0.8667658567428589
0.9707074761390686
0.9383901357650757
0.9928474426269531
0.9807244539260864
0.9884238839149475
0.949103057384491
0.9927158951759338
0.9804563522338867
0.9463874697685242
0.960789144039154
0.9612332582473755
0.9831503629684448
0.8886434435844421
0.9086838364601135
0.9240365624427795
0.9402346611022949
0.993035078048706
0.9638490676879883
0.9639241099357605
0.9444282054901123
0.9783027768135071
0.9816738367080688
0.9784879088401794
0.9959380626678467
0.977421224117279
0.9775996208190918
0.7076823711395264
0.7689732909202576
0.9439242482185364
0.9699216485023499
0.9666205644607544
0.9842548370361328
0.9627239108085632
0.9551293849945068
0.8895243406295776
0.9818685054779053
0.886909544467926
0.9569122195243835
0.9512777328491211
0.973645806312561
0.9861424565315247
0.970244288444519
0.9927928447723389
0.9910852313041687
0.9431155323982239
0.9479573369026184
0.9863015413284302
0.9633577466011047
0.8385353684425354
0.908882200717926
0.9100368618965149
0.9752470254898071
0.9917109608650208
0.9499064683914185
0.9374352097511292
0.9772890210151672
0.9472019076347351
0.9656277894973755
0.9692690968513489
0.9657495617866516
0.9852667450904846
0.9405290484428406
0.9863654375076294
0.9786689281463623
0.9864897131919861
0.9218571782112122
0.9878199696540833
0.9681543111801147
0.9906696677207947
0.9255568981170654
0.9468536972999573
0.9118388891220093
0.9471102952957153
0.9529282450675964
0.9514228701591492
0.9739406704902649
0.9436832666397095
0.9392818212509155
0.727074384689331
0.9364896416664124
0.9754044413566589
0.8139410614967346
0.967960000038147
0.9781426191329956
0.9759352207183838
0.9654805064201355
0.9511229991912842
0.9418167471885681
0.9572006464004517
0.9733192920684814
0.9819178581237793
0.9864445924758911
0.9349642395973206
0.9829447865486145
0.9822078943252563
0.9460672736167908
0.9669816493988037
0.7906069755554199
0.9697582721710205
0.7975866198539734
0.98329758644104
0.9531916379928589
0.9236177206039429
0.9221324920654297
0.9654527306556702
0.9489989876747131
0.9707079529762268
0.9568039774894714
0.952427327632904
0.986055314540863
0.9813632369041443
0.9873637557029724
0.9504929184913635
0.982690155506134
0.9783139824867249
0.9842568635940552
0.9889689683914185
0.911799967288971
0.9320836663246155
0.9702600836753845
0.9424108266830444
0.9567524790763855
0.9882839322090149
0.9852108359336853
0.9660966396331787
0.9791467785835266
0.9622432589530945
0.9815974831581116
0.9622879028320312
0.9861326217651367
0.9625218510627747
0.9663527011871338
0.9634612798690796
0.9766331315040588
0.955211877822876
0.9443337917327881
0.9660134315490723
0.9466235637664795
0.9779056310653687
0.9524692893028259
0.9190266132354736
0.9656475186347961
0.5982402563095093
0.9718228578567505
0.9736920595169067
0.9860643148422241
0.9784709215164185
0.8919798731803894
0.9685294032096863
0.9759336113929749
0.9639838337898254
0.9670025110244751
0.974583089351654
0.9747705459594727
0.9663009643554688
0.9754623174667358
0.9287986755371094
0.9350314736366272
0.9786519408226013
0.9632256627082825
0.9615339040756226
0.9109439253807068
0.9632948040962219
0.8959207534790039
0.9832890629768372
0.9544726014137268
0.9902880787849426
0.983421802520752
0.9562544226646423
0.8969842791557312
0.9714071154594421
0.9439525604248047
0.9519788026809692
0.9626649618148804
0.9387559294700623
0.9051644802093506
0.9700447916984558
0.9807174205780029
0.9617827534675598
0.9750293493270874
0.9131487607955933
0.9929987192153931
0.9484975337982178
0.9913601875305176
0.9631834626197815
0.9864864349365234
0.9865694046020508
0.896754264831543
0.25166216492652893
0.9892518520355225
0.9383406639099121
0.9833976626396179
0.98725825548172
0.9480167627334595
0.974981427192688
0.9908741116523743
0.9780424237251282
0.9867499470710754
0.9607335329055786
0.9789043664932251
0.9257710576057434
0.9404852390289307
0.9783415198326111
0.8907478451728821
0.9874599575996399
0.9848321676254272
0.971635639667511
0.8905825614929199
0.9681792855262756
0.9485756754875183
0.8512876033782959
0.9440658688545227
0.9499778151512146
0.9902710318565369
0.962958812713623
0.8972506523132324
0.9567515850067139
0.9674457907676697
0.9902231693267822
0.9711547493934631
0.9650939702987671
0.9674197435379028
0.9664559960365295
0.8831782341003418
0.9757159352302551
0.9524714946746826
0.9881268739700317
0.967538058757782
0.9801211953163147
0.9377686381340027
0.8491324186325073
0.8488667607307434
0.8810225129127502
0.9344525933265686
0.9889528751373291
0.8406157493591309
0.8877317309379578
0.94117271900177
0.9361624717712402
0.9708064198493958
0.9697545170783997
0.9761030673980713
0.9879600405693054
0.9758965373039246
0.9522238969802856
0.9698385000228882
0.965431272983551
0.6543750166893005
0.9840981960296631
0.9740577340126038
0.9518202543258667
0.7287591099739075
0.9568592309951782
0.9530962109565735
0.8785377740859985
0.9715698957443237
0.9807831645011902
0.9689814448356628
0.9684418439865112
0.9687632918357849
0.964057981967926
0.8817863464355469
0.9428486227989197
0.9061384201049805
0.9335774779319763
0.9240316152572632
0.9685294032096863
0.9815663695335388
0.9164374470710754
0.9713181257247925
0.9764243364334106
0.9368049502372742
0.7405887842178345
0.9204461574554443
0.9472134709358215
0.9753881096839905
0.9840257167816162
0.9539749622344971
0.8822018504142761
0.9825077652931213
0.9552996754646301
0.9031340479850769
0.9629145860671997
0.9564570188522339
0.9653010964393616
0.9830853939056396
0.9675723910331726
0.8394990563392639
0.9794248342514038
0.9515029191970825
0.9856879711151123
0.9684951901435852
0.9852725267410278
0.9899905323982239
0.9555233120918274
0.9699227809906006
0.9702741503715515
0.9628909230232239
0.9806678891181946
0.9288240671157837
0.9132919311523438
0.9741631150245667
0.9832754135131836
0.9613682627677917
0.9809967279434204
0.9887068271636963
0.8340425491333008
0.8795299530029297
0.9474101662635803
0.9730393290519714
0.972163736820221
0.9404954314231873
0.9534610509872437
0.8050800561904907
0.95905601978302
0.9849412441253662
0.9347719550132751
0.8981283903121948
0.8935104608535767
0.9613506197929382
0.9826918840408325
0.9556748270988464
0.967837393283844
0.9787534475326538
0.9439985752105713
0.9801806211471558
0.9347209334373474
0.9786303043365479
0.9613897800445557
0.9426265358924866
0.9752384424209595
0.9764641523361206
0.948612630367279
0.9887387752532959
0.9642968773841858
0.9877597093582153
0.8717765212059021
0.9595131874084473
0.9845735430717468
0.9379071593284607
0.7565227746963501
0.9003484845161438
0.9751039147377014
0.9851789474487305
0.9659759998321533
0.9774469137191772
0.9290207624435425
0.8590084910392761
0.961729884147644
0.9662002325057983
0.9554029703140259
0.9690027236938477
0.8170273303985596
0.982141375541687
0.9595498442649841
0.9808376431465149
0.9302458763122559
0.983102560043335
0.9470269083976746
0.9816393256187439
0.9503137469291687
0.771596372127533
0.888905942440033
0.9817760586738586
0.9868505597114563
0.9651041626930237
0.9288444519042969
0.9668087363243103
0.9217469096183777
0.901945173740387
0.7441321611404419
0.9871804118156433
0.9668116569519043
0.9477313756942749
0.982460618019104
0.9863963723182678
0.9592611193656921
0.9802192449569702
0.9714860320091248
0.9555289149284363
0.982147216796875
0.9690863490104675
0.9675880074501038
0.9831888675689697
0.9579095840454102
0.8827476501464844
0.9828147292137146
0.9813112020492554
0.9875730276107788
0.8446587920188904
0.792362630367279
0.9495253562927246
0.8814812898635864
0.7974944710731506
0.7050489783287048
0.9031476378440857
0.9821770787239075
0.789081335067749
0.9847469329833984
0.6001557111740112
0.9746249318122864
0.9719244241714478
0.8853301405906677
0.9907941818237305
0.9659240245819092
0.9692205190658569
0.9767206907272339
0.7299044728279114
0.8353940844535828
0.9632843732833862
0.9794266223907471
0.9801428914070129
0.9264006614685059
0.903954803943634
0.9801891446113586
0.9727492332458496
0.9125506281852722
0.8818850517272949
0.9864632487297058
0.9868594408035278
0.9895000457763672
0.9710315465927124
0.9623751044273376
0.9731284379959106
0.9620294570922852
0.9577293992042542
0.9156052470207214
0.9068505167961121
0.869077205657959
0.986944317817688
0.9887360334396362
0.9819833040237427
0.9772815108299255
0.9256478548049927
0.9273203015327454
0.9906604290008545
0.9466918110847473
0.9276270270347595
0.9848089814186096
0.9340524673461914
0.6426613926887512
0.9693862199783325
0.9508836269378662
0.9779508113861084
0.9817579388618469
0.9565489888191223
0.9626280665397644
0.9376160502433777
0.9487929940223694
0.9685010313987732
0.9857268929481506
0.9797950983047485
0.9723352193832397
0.9380406141281128
0.963791012763977
0.9759421944618225
0.9255450963973999
0.9861304759979248
0.9478209614753723
0.9768679141998291
0.9699068665504456
0.9405162334442139
0.966322124004364
0.9644836783409119
0.983307421207428
0.9895168542861938
0.984817385673523
0.9770376682281494
0.9709028005599976
0.9362503886222839
0.9316957592964172
0.9199078679084778
0.9764055609703064
0.9578065276145935
0.9593154191970825
0.9596637487411499
0.9677537083625793
0.9733133316040039
0.961283802986145
0.830066442489624
0.9909300804138184
0.9684750437736511
0.9868355393409729
0.9730929732322693
0.9902531504631042
0.8923530578613281
0.9652358889579773
0.5236730575561523
0.982968807220459
0.8755139112472534
0.9621301889419556
0.9902479648590088
0.8758254647254944
0.9267613291740417
0.972672164440155
0.9850239157676697
0.9765985608100891
0.9748525619506836
0.941662073135376
0.974648654460907
0.9802119135856628
0.9834284782409668
0.9898660778999329
0.9637420177459717
0.9871070981025696
0.9828903675079346
0.8489496111869812
0.9837551712989807
0.9751929640769958
0.9688856601715088
0.9740028977394104
0.7142809629440308
0.981778085231781
0.9751589894294739
0.973924994468689
0.9179748892784119
0.9773524403572083
0.9716570377349854
0.9506627321243286
0.9850898385047913
0.9628340601921082
0.9652917981147766
0.9796216487884521
0.9835425615310669
0.9593380093574524
0.9721167087554932
0.9752892255783081
0.9564636945724487
0.970264732837677
0.9821990728378296
0.9797911047935486
0.9900301694869995
0.9886845946311951
0.9614729881286621
0.9357753396034241
0.9901949167251587
0.9776363968849182
0.9853577017784119
0.8151803016662598
0.9622814655303955
0.9712715744972229
0.9868617057800293
0.9818556308746338
0.9856846928596497
0.9292206168174744
0.9231710433959961
0.9233018755912781
0.9492599964141846
0.975807249546051
0.9733372926712036
0.9254433512687683
0.9852591753005981
0.9317566752433777
0.9392681121826172
0.9176048636436462
0.9485647678375244
0.9822535514831543
0.9779181480407715
0.9832236170768738
0.5482053160667419
0.9868890047073364
0.8840303421020508
0.9655476808547974
0.9357982873916626
0.8178626298904419
0.9499207139015198
0.9815130829811096
0.9761987328529358
0.9604396820068359
0.97887122631073
0.9698147177696228
0.869961142539978
0.9652042388916016
0.9800505042076111
0.9679514169692993
0.9793474078178406
0.8786845207214355
0.916215717792511
0.9882532954216003
0.9588977694511414
0.9626021981239319
0.8863709568977356
0.9845207929611206
0.9684181809425354
0.9571551084518433
0.9596900939941406
0.9865207076072693
0.9278057813644409
0.9725303053855896
0.962186336517334
0.949094295501709
0.9901551604270935
0.9437077045440674
0.9836587309837341
0.9725106954574585
0.964552640914917
0.9667587876319885
0.9567232728004456
0.9601171612739563
0.9712297916412354
0.9880304336547852
0.9041807651519775
0.9319997429847717
0.9516962766647339
0.9475703239440918
0.8185317516326904
0.9540421366691589
0.978271484375
0.9674180150032043
0.9712536931037903
0.9548833966255188
0.9684197902679443
0.9059432744979858
0.9752289056777954
0.9638359546661377
0.9775229692459106
0.9849356412887573
0.989448606967926
0.9497126936912537
0.9734179973602295
0.9624468684196472
0.9697551131248474
0.9923902750015259
0.9865792393684387
0.9390755891799927
0.9741293787956238
0.9863824248313904
0.9662808775901794
0.9864110350608826
0.9796640276908875
0.9407609701156616
0.9634672999382019
0.9445180296897888
0.9622211456298828
0.976017415523529
0.9731632471084595
0.9678499102592468
0.8322521448135376
0.9731470346450806
0.9562000632286072
0.9674505591392517
0.9494137763977051
0.6642290353775024
0.926844596862793
0.9598155617713928
0.9714144468307495
0.7000996470451355
0.9727698564529419
0.9841554760932922
0.9664207100868225
0.9435716867446899
0.9859079122543335
0.9586023092269897
0.987282931804657
0.9486706852912903
0.9873433113098145
0.943402886390686
0.9658689498901367
0.9677196145057678
0.9823809266090393
0.9718843102455139
0.9593251943588257
0.983575701713562
0.986562192440033
0.9680545330047607
0.9736056923866272
0.9946222305297852
0.9227639436721802
0.9869455099105835
0.8725465536117554
0.9884372353553772
0.9686155915260315
0.9643387198448181
0.9868866205215454
0.9389597773551941
0.8981232047080994
0.9852914810180664
0.9840108752250671
0.8755863904953003
0.971910297870636
0.9069668054580688
0.9849004149436951
0.9641064405441284
0.9796954989433289
0.983932614326477
0.9829952120780945
0.983829915523529
0.950626015663147
0.02918873354792595
0.9017568826675415
0.8918659687042236
0.9243940711021423
0.9729632139205933
0.9696038365364075
0.968598484992981
0.9635124206542969
0.9748690724372864
0.9848248362541199
0.9766429662704468
0.9781511425971985
0.9782466292381287
0.9874391555786133
0.9825356006622314
0.9671754240989685
0.974006175994873
