0.9639268517494202
0.9622586965560913
0.9156776070594788
0.9417482614517212
0.818432092666626
0.970116138458252
0.8335312008857727
0.8734145164489746
0.9723685383796692
0.8910598754882812
0.9928147792816162
0.9388076066970825
0.9552061557769775
0.8302492499351501
0.965622067451477
0.9425423741340637
0.9001799821853638
0.8401943445205688
0.8338103890419006
0.9817962646484375
0.9283339381217957
0.9705367088317871
0.8855313658714294
0.7590417265892029
0.9004111886024475
0.8720617294311523
0.9932487607002258
0.9290125370025635
0.8277561664581299
0.956989586353302
0.9508892297744751
0.9449828267097473
0.9435580372810364
0.8142352104187012
0.8301346302032471
0.9742063879966736
0.8321999907493591
0.8476542234420776
0.9861178398132324
0.8696517944335938
0.9864134192466736
0.9803696274757385
0.8591998815536499
0.9077309966087341
0.9333272576332092
0.9728972911834717
0.8426993489265442
0.9138338565826416
0.6864400506019592
0.9517118334770203
0.9600827693939209
0.9889298677444458
0.9560043811798096
0.8197965621948242
0.9565235376358032
0.9116039872169495
0.9686139822006226
0.9562427997589111
0.9730913043022156
0.9498289227485657
0.9403013586997986
0.9343230128288269
0.9012739658355713
0.5841465592384338
0.867790937423706
0.9882134795188904
0.8158473968505859
0.8261187672615051
0.9648421406745911
0.878537654876709
0.9869044423103333
0.9703222513198853
0.8340556025505066
0.9053645730018616
0.9237145781517029
0.875262439250946
0.8423967361450195
0.9494332671165466
0.7684561014175415
0.9538098573684692
0.7407784461975098
0.950835108757019
0.9633995890617371
0.7320713400840759
0.9672019481658936
0.7513229846954346
0.9925599098205566
0.946672797203064
0.9312610030174255
0.9645064473152161
0.8322954177856445
0.9608121514320374
0.9476823210716248
0.8104782104492188
0.82770836353302
0.9752575755119324
0.7454084753990173
0.916828989982605
0.9679822325706482
0.8778560757637024
0.988837718963623
0.9542175531387329
0.8785361051559448
0.8957532644271851
0.9243226647377014
0.9855208992958069
0.8570513725280762
0.9563793540000916
0.6859150528907776
0.9485462307929993
0.9084789156913757
0.9812740087509155
0.8661733269691467
0.7868423461914062
0.9021510481834412
0.8866826891899109
0.9745675325393677
0.9360440969467163
0.9525907635688782
0.9841012358665466
0.9323475360870361
0.934899628162384
0.962155818939209
0.9171832799911499
0.8112996816635132
0.9024083614349365
0.7371931076049805
0.9498911499977112
0.9826797842979431
0.6372030973434448
0.9601523280143738
0.9547349214553833
0.8954911828041077
0.9575769305229187
0.982082724571228
0.9338487982749939
0.8576391339302063
0.8679462671279907
0.7852159738540649
0.9869341254234314
0.7752227187156677
0.9744732975959778
0.9616003632545471
0.839474081993103
0.9272959232330322
0.797878086566925
0.9881057739257812
0.9557977914810181
0.9592556357383728
0.9508104920387268
0.8977601528167725
0.8980673551559448
0.9564985036849976
0.8761693835258484
0.8387751579284668
0.9305881857872009
0.7869856357574463
0.928774356842041
0.9801797866821289
0.8875317573547363
0.9890304207801819
0.9789736866950989
0.9376564621925354
0.9277082085609436
0.9642061591148376
0.9028884768486023
0.8882108330726624
0.9654591083526611
0.8035120964050293
0.9787228107452393
0.8601476550102234
0.9703289270401001
0.9842242002487183
0.8014075756072998
0.9640175104141235
0.95078045129776
0.9694569706916809
0.9670293927192688
0.9691698551177979
0.9796047210693359
