0.9999858140945435
0.9999898672103882
0.9999936819076538
0.9999749660491943
0.9999912977218628
0.9999958276748657
0.9999972581863403
0.9999920129776001
0.9999921321868896
0.9999927282333374
0.9999899864196777
0.9999959468841553
0.9999959468841553
0.9999924898147583
0.9999905824661255
0.9999796152114868
0.9999864101409912
0.9999973773956299
0.9999936819076538
0.9999181032180786
0.9997220635414124
0.99962317943573
0.9999873638153076
0.9999966621398926
0.9999939203262329
0.9999867677688599
0.9999969005584717
0.999903678894043
0.9999853372573853
0.9999889135360718
0.9999924898147583
0.999117910861969
0.9999958276748657
0.9996547698974609
0.9999892711639404
0.9990088939666748
0.9999953508377075
0.999966025352478
0.9998958110809326
0.9960746765136719
0.9981051683425903
0.9999943971633911
0.9999971389770508
0.9999974966049194
0.9995874762535095
0.9999904632568359
0.9999973773956299
0.9999904632568359
0.9999946355819702
0.9999958276748657
0.9999942779541016
0.9999903440475464
0.9999723434448242
0.9999945163726807
0.999995231628418
0.9999908208847046
0.9999895095825195
0.9997320771217346
0.9999880790710449
0.9999901056289673
0.9999973773956299
0.999996542930603
0.9999909400939941
0.9999961853027344
0.9999910593032837
0.999996542930603
0.9999947547912598
0.9999920129776001
0.9999947547912598
0.999901533126831
0.9999954700469971
0.9999955892562866
0.999996542930603
0.9999951124191284
0.9999961853027344
0.999996542930603
0.9999921321868896
0.9999961853027344
0.9999775886535645
0.9999619722366333
0.9999943971633911
0.9999947547912598
0.9999809265136719
0.9999969005584717
0.9999933242797852
0.999992847442627
0.9999758005142212
0.999993085861206
0.9999933242797852
0.9999873638153076
0.9999960660934448
0.999996542930603
0.9999972581863403
0.9999974966049194
0.9999936819076538
0.9999967813491821
0.9999974966049194
0.9999959468841553
0.9999960660934448
0.9999969005584717
0.9999946355819702
0.9999966621398926
0.9999924898147583
0.9999886751174927
0.9999969005584717
0.9999974966049194
0.9999966621398926
0.9999972581863403
0.9999971389770508
0.9999940395355225
0.9999973773956299
0.9999970197677612
0.9999957084655762
0.9999971389770508
0.9999935626983643
0.9999960660934448
0.9999196529388428
0.9999972581863403
0.9999934434890747
0.9999940395355225
0.9999945163726807
0.9999933242797852
0.9997716546058655
0.9999706745147705
0.9997450709342957
0.9999899864196777
0.9999830722808838
0.9999914169311523
0.9999970197677612
0.9999947547912598
0.9999943971633911
0.9999966621398926
0.9999961853027344
0.9993515610694885
0.9999966621398926
0.9999912977218628
0.9999860525131226
0.9999960660934448
0.9999812841415405
0.9999914169311523
0.9999258518218994
0.9999699592590332
0.999984860420227
0.9999324083328247
0.9999914169311523
0.9999915361404419
0.9999923706054688
0.9999886751174927
0.9999951124191284
0.9999949932098389
0.9999302625656128
0.999996542930603
0.9999817609786987
0.9999796152114868
0.9999871253967285
0.9999964237213135
0.9999961853027344
0.9999970197677612
0.9999966621398926
0.9999942779541016
0.9999964237213135
0.9999961853027344
0.9999959468841553
0.9999939203262329
0.9999949932098389
0.9999926090240479
0.9999878406524658
0.9999954700469971
0.9999783039093018
0.999997615814209
0.9999972581863403
0.9999971389770508
0.9999967813491821
0.9999961853027344
0.999992847442627
0.9999755620956421
0.9999884366989136
0.9999960660934448
0.9999947547912598
0.9999966621398926
