0.9184913039207458
0.8749716281890869
0.9032472968101501
0.900681734085083
0.9037033915519714
0.9205546379089355
0.9008991122245789
0.9003727436065674
0.9186030030250549
0.8930578827857971
0.8556793928146362
0.9527656435966492
0.9131693840026855
0.9410748481750488
0.8753876090049744
0.9090977907180786
0.9170764684677124
0.9338570237159729
0.9189655780792236
0.8625590801239014
0.8707379698753357
0.9255576729774475
0.9236631989479065
0.9303973317146301
0.9233219623565674
0.8643491864204407
0.907135009765625
0.9363274574279785
0.943394124507904
0.9211788177490234
0.944618821144104
0.9365931749343872
0.8839777708053589
0.946118175983429
0.8432022929191589
0.9183958768844604
0.899490475654602
0.9116867184638977
0.8371302485466003
0.8670017123222351
0.8054114580154419
0.9351062178611755
0.931972324848175
0.9224740266799927
0.9069034457206726
0.9121508598327637
0.9066155552864075
0.9449683427810669
0.8953641653060913
0.881001353263855
0.9330886602401733
0.9100926518440247
0.8793176412582397
0.9415948390960693
0.8972955942153931
0.9215878248214722
0.8833175301551819
0.9089914560317993
0.9271795153617859
0.9429404735565186
0.9303631782531738
0.9112350940704346
0.8660907745361328
0.9359965324401855
0.9397541284561157
0.9003189206123352
0.9192445278167725
0.9163799285888672
0.8987026214599609
0.9343490600585938
0.9352844953536987
0.9361022710800171
0.9493067860603333
0.8543893694877625
0.8941704630851746
0.8866899013519287
0.8559619188308716
0.897783637046814
0.9018259048461914
0.9675361514091492
0.9003177881240845
0.9462252855300903
0.8934889435768127
0.9384843111038208
0.938589870929718
0.9104154109954834
0.8792972564697266
0.9014771580696106
0.9015202522277832
0.9336094856262207
0.8965659737586975
0.9063810110092163
0.8879426121711731
0.9228588342666626
0.9284747242927551
0.9066444635391235
0.8988192081451416
0.9353765249252319
0.9263880848884583
0.8869728446006775
0.949560821056366
0.9436323642730713
0.9205291867256165
0.9304216504096985
0.9385405778884888
0.8671122193336487
0.9063856601715088
0.9364688992500305
0.9277384281158447
0.9072397351264954
0.9060518741607666
0.8846613764762878
0.9292870163917542
0.9353876113891602
0.8934467434883118
0.8445031642913818
0.915825366973877
0.8385939598083496
0.8942970037460327
0.8716802000999451
0.9100562334060669
0.8984931707382202
0.9229708313941956
0.9390055537223816
0.9315890669822693
0.9284653663635254
0.9165992140769958
0.9095273613929749
0.9024516344070435
0.932411789894104
0.9453230500221252
0.8994112014770508
0.9108821153640747
0.9126710295677185
0.934680163860321
0.9083412885665894
0.9523127675056458
0.844542384147644
0.8940053582191467
0.8559355139732361
0.9066272377967834
0.8948402404785156
0.8505052328109741
0.9432166814804077
0.9161437749862671
0.8457279801368713
0.8973743915557861
0.9385920763015747
0.8638533353805542
0.9323529005050659
0.8887220621109009
0.9390722513198853
0.9098004102706909
0.8798342943191528
0.9031701683998108
0.9366257786750793
0.9119748473167419
0.8435876369476318
0.8574078679084778
0.9140083193778992
0.9198586940765381
0.8439629077911377
0.9477055668830872
0.9110574722290039
0.9425644278526306
0.923263669013977
0.9176758527755737
0.8714576959609985
0.9046766757965088
0.9237716197967529
0.8392351865768433
0.8665785193443298
0.911086916923523
0.926539421081543
0.8904137015342712
0.9154860973358154
0.8882816433906555
0.9410243630409241
0.9085771441459656
0.9407849311828613
0.8778912425041199
0.9133169651031494
0.9193383455276489
0.9059774279594421
0.8974212408065796
0.9252005219459534
0.9227455854415894
0.9086973667144775
0.9213138818740845
0.9081036448478699
0.9253489375114441
0.9153761863708496
0.8915845155715942
0.8987864255905151
0.8710840344429016
0.911759078502655
0.9141644239425659
0.9030346274375916
0.9294176697731018
0.9412859678268433
0.9324932098388672
0.9279265403747559
0.9178597331047058
0.9306046962738037
0.8014711141586304
0.9187632203102112
0.9021391272544861
0.9285215139389038
0.947031557559967
0.8857631087303162
0.9110291600227356
0.8606246709823608
0.9336115717887878
0.9508315324783325
0.9445619583129883
0.9266969561576843
0.9439696669578552
0.9185292720794678
0.8542900681495667
0.9341509342193604
0.868039608001709
0.8370921015739441
0.9432200789451599
0.9332926869392395
0.9012810587882996
0.9052317142486572
0.8501187562942505
0.8569881319999695
0.9476054310798645
0.9211296439170837
0.9319654107093811
0.9124299883842468
0.939035952091217
0.8778721690177917
0.918965220451355
0.9280480742454529
0.9306921362876892
0.9382398724555969
0.8902900815010071
0.9356120824813843
0.8943964838981628
0.9098171591758728
0.8853923082351685
0.9061518907546997
0.849886953830719
0.9166833162307739
0.8737692832946777
0.9206023812294006
0.8593578338623047
0.8442106246948242
0.9182994365692139
0.902508556842804
0.9306550025939941
0.9380362033843994
0.8841934204101562
0.9124736189842224
0.9286607503890991
0.9122859239578247
0.898048460483551
0.8464813232421875
0.8651198148727417
0.8041092753410339
0.8744458556175232
0.9159600138664246
0.9348710775375366
0.9367583394050598
0.9299220442771912
0.9303879141807556
0.919049084186554
0.9106076955795288
0.8806223273277283
0.9030990600585938
0.9626150131225586
0.9139236807823181
0.8968395590782166
0.8979371786117554
0.8551092147827148
0.900317907333374
0.9297311902046204
0.8782874345779419
0.8583770990371704
0.9054733514785767
0.9373680353164673
0.889541506767273
0.8855366110801697
0.9243041276931763
0.9364539980888367
0.9301018118858337
0.9380403757095337
0.9388552904129028
0.9123262166976929
0.9211902022361755
0.906227707862854
0.9198790192604065
0.9031628370285034
0.8521733283996582
0.8434209227561951
0.9252566695213318
0.9057003259658813
0.8615001440048218
0.858583927154541
0.8532889485359192
0.8519684672355652
0.8527271747589111
0.9100686311721802
0.9094566702842712
0.9177013635635376
0.8817135095596313
0.9270544052124023
0.8962184190750122
0.9160013198852539
0.9254118800163269
0.911221444606781
0.9360352158546448
0.8871617317199707
0.9219307899475098
0.9250274896621704
0.8499503135681152
0.9440796971321106
0.8861913084983826
0.9077290892601013
0.8737595677375793
0.9040197134017944
0.9265397191047668
0.8535687923431396
0.9132893681526184
0.8373759388923645
0.9035054445266724
0.889933705329895
0.9279249310493469
0.8993064761161804
0.8410617113113403
0.8987663388252258
0.8916382193565369
0.9054991006851196
0.9063998460769653
0.8476515412330627
0.9192869067192078
0.9339438676834106
0.85389643907547
0.9154919981956482
0.8965857625007629
0.8891103863716125
0.836825430393219
0.8723440766334534
0.893570065498352
0.8928164839744568
0.9220989942550659
0.9339190125465393
0.9327158331871033
0.9130554795265198
0.9069024920463562
0.8800490498542786
0.9048931002616882
0.9446470141410828
0.9133387804031372
0.8997558951377869
0.9502927660942078
0.9336417317390442
0.9349020719528198
0.9021535515785217
0.9090591669082642
0.9219293594360352
0.9389966726303101
0.9308575391769409
0.8396628499031067
0.9088616967201233
0.9088066220283508
0.9101397395133972
0.9068601727485657
0.8863697052001953
0.8682409524917603
0.8685101270675659
0.8893353343009949
0.916064441204071
0.9483607411384583
0.9020642042160034
0.9125484228134155
0.9096595048904419
0.920745849609375
0.8888596892356873
0.9108749032020569
0.9273642897605896
0.8627380728721619
0.8818344473838806
0.9255276322364807
0.848922073841095
0.8893595337867737
0.9010512828826904
0.8668264746665955
0.9327940344810486
0.8814007639884949
0.7915101051330566
0.8646025657653809
0.8928703665733337
0.9073338508605957
0.9246654510498047
0.9116411805152893
0.9039214253425598
0.9408842325210571
0.9180063009262085
0.8766748309135437
0.873372495174408
0.8897896409034729
0.928253173828125
0.9198547601699829
0.9055131673812866
0.9144120812416077
0.9211190342903137
0.9385784268379211
0.9192827343940735
0.9445594549179077
0.936450183391571
0.9139191508293152
0.9158002734184265
0.8460417985916138
0.844242513179779
0.9083618521690369
0.9368240237236023
0.837559700012207
0.93717360496521
0.9223244786262512
0.9226064085960388
0.9149107933044434
0.929276168346405
0.9242634773254395
0.9012832641601562
0.9237281084060669
0.921450138092041
0.8502378463745117
0.8598427772521973
0.9455417394638062
0.9047767519950867
0.8498380780220032
0.9029984474182129
0.9081729650497437
0.9119815230369568
0.9115668535232544
0.9116060137748718
0.920120120048523
0.9095267653465271
0.9455417990684509
0.9071394205093384
0.9038326144218445
0.8894335627555847
0.9051443934440613
0.9087609648704529
0.9125678539276123
0.9000440835952759
0.9139711260795593
0.8885741829872131
0.9346187710762024
0.8948408365249634
0.8994126319885254
0.9292892217636108
0.9039442539215088
0.8694748878479004
0.8893981575965881
0.935858428478241
0.8643867373466492
0.9197134971618652
0.937591016292572
0.9013696908950806
0.9263085126876831
0.8569540977478027
0.8786023855209351
0.9169461131095886
0.908158540725708
0.9291347861289978
0.899847686290741
0.9010457396507263
0.8890484571456909
0.9230243563652039
0.863365888595581
0.8928477168083191
0.9182711243629456
0.9280683398246765
0.8923386931419373
0.9265724420547485
0.916641116142273
0.8936738967895508
0.949587345123291
0.8719905614852905
0.920393168926239
0.8992692828178406
0.9260997772216797
0.8424458503723145
0.9241291284561157
0.919470489025116
0.9267654418945312
0.9357751607894897
0.9146248698234558
0.857877790927887
0.8837210536003113
0.9364904761314392
0.8933767080307007
0.8951920866966248
0.8862755298614502
0.916576087474823
0.9152106046676636
0.8719441294670105
0.9277235865592957
0.8802798390388489
0.8487582206726074
0.9398602843284607
0.9005655646324158
0.903934895992279
0.8811279535293579
0.8939288258552551
0.8870010375976562
0.8763984441757202
0.8854051232337952
0.9088833332061768
0.8860406279563904
0.8847765326499939
0.9122195243835449
0.8964289426803589
0.8736135959625244
0.9074472784996033
0.8669417500495911
0.9031968116760254
0.9187567234039307
0.8502079844474792
0.921392023563385
0.8771439790725708
0.9014065265655518
0.9008896350860596
0.9339728951454163
0.9020389914512634
0.9246193766593933
0.9203779101371765
0.8578471541404724
0.9061604738235474
0.9317991137504578
0.9072030186653137
0.8496262431144714
0.9062541127204895
0.93565833568573
0.9250298738479614
0.8808526992797852
0.9153950810432434
0.840991735458374
0.8307444453239441
0.9001597166061401
0.8473933339118958
0.9066454768180847
0.9086557030677795
0.8179418444633484
0.9228910207748413
0.9114636778831482
0.9313182830810547
0.9131081104278564
0.8333953022956848
0.9000939726829529
0.9265716671943665
0.9198273420333862
0.8922120332717896
0.9159796833992004
0.8596657514572144
0.9016996622085571
0.869282603263855
0.916486382484436
0.9087771773338318
0.9019794464111328
0.8911681771278381
0.9229187965393066
0.9109787940979004
0.8275977969169617
0.8858962059020996
0.8974340558052063
0.9196146726608276
0.9387176632881165
0.9215093851089478
0.9267928600311279
0.91303551197052
0.9062308669090271
0.8486483693122864
0.8633629679679871
0.8769379258155823
0.8979745507240295
0.9016210436820984
0.8463323712348938
0.893221914768219
0.9133844375610352
0.8597520589828491
0.8932687044143677
0.8952649831771851
0.9233030676841736
0.8795512318611145
0.8901944756507874
0.8970957398414612
0.9058100581169128
0.9235222935676575
0.8545480966567993
0.8301249146461487
0.8847612142562866
0.8568100333213806
0.9083707332611084
0.9026806354522705
0.9247415661811829
0.9367446899414062
0.9230937361717224
0.8502870798110962
0.9021565318107605
0.8564950823783875
0.9160541892051697
0.881934404373169
0.9112447500228882
0.9104257822036743
0.8841279745101929
0.898444414138794
0.8937044739723206
0.8872377872467041
0.8196355700492859
0.8880513906478882
0.926836371421814
0.9197503328323364
0.8647240996360779
0.9149454832077026
0.8513691425323486
0.883145272731781
0.8710904121398926
0.86624675989151
0.8949401378631592
0.8496242165565491
0.9378114342689514
0.8979125022888184
0.8819813132286072
0.9171328544616699
0.8387212157249451
0.9207735061645508
0.8698139786720276
0.8599891662597656
0.8913795351982117
0.8971150517463684
0.8170375227928162
0.8537847399711609
0.9156550168991089
0.9217394590377808
0.9206634759902954
0.8987911939620972
0.8765992522239685
0.9137057662010193
0.9266759753227234
0.8706585168838501
0.8978988528251648
0.8699498176574707
0.8878423571586609
0.9427236914634705
0.9227811098098755
0.8981413841247559
0.906520426273346
0.912886917591095
0.8781454563140869
0.8991329669952393
0.9203305244445801
0.910308837890625
0.9258931875228882
0.9018087983131409
0.8956183195114136
0.9018540382385254
0.8964870572090149
0.8745278716087341
0.9101976156234741
0.9008797407150269
0.8598843216896057
0.8998053669929504
0.879355251789093
0.9043006896972656
0.9107323884963989
0.9148554801940918
0.8863889575004578
0.916088342666626
0.8730926513671875
0.9145256876945496
0.9367526173591614
0.9290838837623596
0.9119848012924194
0.8688632249832153
0.9126140475273132
0.9218431711196899
0.9300253987312317
0.9111823439598083
0.9420124292373657
0.9097335934638977
0.8805795311927795
0.9026323556900024
0.9072882533073425
0.8789375424385071
0.8709848523139954
0.9038587212562561
0.8655647039413452
0.9273763298988342
0.9111310839653015
0.885232150554657
0.911217451095581
0.8880361318588257
0.9051641225814819
0.9131068587303162
0.8919948935508728
0.8431254029273987
0.9194263815879822
0.9266236424446106
0.8445312976837158
0.9335893392562866
0.9240140318870544
0.9171164035797119
0.836432158946991
0.9119840264320374
0.8842976689338684
0.9109845161437988
0.8772158622741699
0.8352811336517334
0.9204155206680298
0.9363206028938293
0.8992040753364563
0.9151932597160339
0.9273547530174255
0.9119244813919067
0.9041991829872131
0.839806854724884
0.9097248911857605
0.872231125831604
0.8938681483268738
0.9345839619636536
0.9237580299377441
0.922295093536377
0.8875622153282166
0.90104079246521
0.8911678194999695
0.9518011212348938
0.8778555989265442
0.8735069036483765
0.8938865065574646
0.8970687389373779
0.8980293869972229
0.90937739610672
0.907783031463623
0.8741950392723083
0.9368520379066467
0.8868359923362732
0.9037876725196838
0.898209273815155
0.9102247357368469
0.9148271083831787
0.893363356590271
0.9408562779426575
0.8838950991630554
0.8798245787620544
0.8508559465408325
0.8654749989509583
0.8316064476966858
0.9188215732574463
0.87844318151474
0.8647804856300354
0.8304235339164734
0.8662807941436768
0.9277522563934326
0.8950826525688171
0.9110775589942932
0.9220073819160461
0.9071055054664612
0.8692651987075806
0.8307738304138184
0.9190512299537659
0.9129027128219604
0.8992229700088501
0.8120879530906677
0.9130859375
0.8877502083778381
0.8918745517730713
0.9347904920578003
0.8814039826393127
0.8935344219207764
0.8657430410385132
0.8971253037452698
0.8920508623123169
0.9028225541114807
0.9059202671051025
0.9344296455383301
0.8885169625282288
0.9178148508071899
0.9256641864776611
0.9001842141151428
0.828761875629425
0.8494911193847656
0.9300237894058228
0.8602277636528015
0.8782249689102173
0.9411252737045288
0.9292532801628113
0.9334688782691956
0.9139971733093262
0.9060554504394531
0.9236477613449097
0.8763415217399597
0.8859648108482361
0.8179510235786438
0.9115968942642212
0.8929593563079834
0.9140427112579346
0.8626945614814758
0.9395564198493958
0.9006466269493103
0.8351944088935852
0.9176357388496399
0.9108524322509766
0.9327169060707092
0.9109533429145813
0.8490946292877197
0.9317392706871033
0.9087750315666199
0.9259605407714844
0.8459728956222534
0.9310136437416077
0.9062210321426392
0.8908330798149109
0.8746485114097595
0.9149242043495178
0.8933050632476807
0.8273764848709106
0.8353878259658813
0.9029204249382019
0.9105821251869202
0.8708356618881226
0.9111844301223755
0.8631142377853394
0.9009903073310852
0.8537874221801758
0.853114664554596
0.883439302444458
0.8989410996437073
0.9272609949111938
0.8923778533935547
0.9074482917785645
0.9264767169952393
0.9294019937515259
0.8772745132446289
0.9304836392402649
0.8355780243873596
0.8417214155197144
0.922793447971344
0.9180140495300293
0.8847083449363708
0.8903663158416748
0.8903840184211731
0.9167658686637878
0.8767801523208618
0.9176025986671448
0.832456648349762
0.8623653650283813
0.9058672189712524
0.9171827435493469
0.8936282992362976
0.8714146018028259
0.899901270866394
0.9207384586334229
0.9120799899101257
0.8907548785209656
0.8764410018920898
0.9143781065940857
0.9194648861885071
0.8971076011657715
0.928265392780304
0.94615238904953
0.898384153842926
0.910041868686676
0.899730920791626
0.8870525360107422
0.8877708315849304
0.8820837140083313
0.8431857824325562
0.8730145692825317
0.8782202005386353
0.8935858607292175
0.8289449214935303
0.9205141067504883
0.8959562182426453
0.8620533347129822
0.9031798243522644
0.9159888625144958
0.9202258586883545
0.9133266806602478
0.9197322130203247
0.9344959259033203
0.8715876936912537
0.8908363580703735
0.9133003950119019
0.9011644721031189
0.8877993226051331
0.9082717895507812
0.8563966751098633
0.8967521786689758
0.9013043642044067
0.9215090274810791
0.9117957353591919
0.8440631031990051
0.9246993660926819
0.9053574204444885
0.9320459365844727
0.8641833066940308
0.8963648080825806
0.8823124170303345
0.9238691329956055
0.9417241811752319
0.9116460084915161
0.8459362983703613
0.9117384552955627
0.899978518486023
0.8832209706306458
0.9383675456047058
0.9407745003700256
0.921665370464325
0.852927029132843
0.8957329392433167
0.9252190589904785
0.8645998239517212
0.9258729219436646
0.9209282994270325
0.9059511423110962
0.8985422849655151
0.9241421222686768
0.8823724389076233
0.9173648357391357
0.8617559671401978
0.9017482399940491
0.8970863223075867
0.8787049651145935
0.8777320384979248
0.8687940835952759
0.9280819296836853
0.8497629761695862
0.9041855335235596
0.853187084197998
0.9155652523040771
0.9010586738586426
0.9320363402366638
0.8525979518890381
0.9228058457374573
0.8464980125427246
0.9209995269775391
0.8478361964225769
0.9014838933944702
0.9193817377090454
0.8649158477783203
0.9049017429351807
0.9233958125114441
0.8559151887893677
0.9034323692321777
0.8879824280738831
0.9179222583770752
0.9275640845298767
0.9247230887413025
0.9045811891555786
0.9251534938812256
0.8808796405792236
0.9297266602516174
0.9088724255561829
0.9260897040367126
0.894250214099884
0.9187635183334351
0.9384323954582214
0.86076819896698
0.9433813691139221
0.916657030582428
0.9413371682167053
0.9169660806655884
0.8841552138328552
0.9103671312332153
0.8849039077758789
0.9117628931999207
0.9407221078872681
0.9185054898262024
0.8746137022972107
0.9191713929176331
0.8493027687072754
0.9331682324409485
0.9175615906715393
0.905107855796814
0.888464093208313
0.862763524055481
0.9403460025787354
0.8721321225166321
0.9090399146080017
0.8884426355361938
0.887635350227356
0.9173601269721985
0.8993700742721558
0.8525950908660889
0.9180481433868408
0.8632874488830566
0.9155292510986328
0.902550220489502
0.8894273042678833
0.8778278231620789
0.9157344698905945
0.9198523759841919
0.9290409684181213
0.9117481708526611
0.8580827713012695
