0.9999921321868896
0.9994761347770691
0.9999947547912598
0.9996658563613892
0.9999878406524658
0.9999393224716187
0.9999690055847168
0.9999765157699585
0.9999942779541016
0.9999698400497437
0.9997335076332092
0.9934373497962952
0.9999957084655762
0.9936104416847229
0.9997046589851379
0.9732568860054016
0.9999856948852539
0.0004786851932294667
0.9999830722808838
0.9999401569366455
0.9999867677688599
0.9993433356285095
0.9999972581863403
0.9948346614837646
0.9999910593032837
0.9999454021453857
0.9999933242797852
0.9998390674591064
0.9999744892120361
0.9999083280563354
0.9999638795852661
0.9999792575836182
0.9996174573898315
0.9999520778656006
0.9999898672103882
0.001473861513659358
0.9996145963668823
0.9995230436325073
0.999984860420227
0.9999829530715942
0.9999903440475464
0.9999728202819824
0.9999350309371948
0.9999918937683105
0.9999161958694458
0.999962329864502
0.9999887943267822
0.9990286827087402
0.9999169111251831
0.9999816417694092
0.9999959468841553
0.9999010562896729
0.9999792575836182
0.00017229565128218383
0.9999945163726807
0.9977036118507385
0.9999951124191284
0.9999867677688599
0.9999935626983643
0.9999895095825195
0.9999958276748657
0.0003902086173184216
0.9999947547912598
0.9997761845588684
0.999990701675415
0.9999732971191406
0.9994561076164246
0.9999555349349976
0.9999614953994751
0.017700770869851112
0.9998959302902222
0.999830961227417
0.9999608993530273
0.9993313550949097
0.9999626874923706
0.9998723268508911
0.9999703168869019
0.9999102354049683
0.999947190284729
0.0727461725473404
0.9998095631599426
0.9996243715286255
0.9999854564666748
0.9993840456008911
0.9999929666519165
0.9999672174453735
0.9999550580978394
0.9998937845230103
0.9999923706054688
0.999915599822998
0.9999759197235107
0.9999755620956421
0.9999936819076538
0.0005035275244154036
0.9999916553497314
0.0033647201489657164
0.9999665021896362
0.9872287511825562
0.9999221563339233
0.9999110698699951
0.9997110962867737
0.9999910593032837
0.9999716281890869
0.9999370574951172
0.9999758005142212
0.9991186261177063
0.999996542930603
0.99988853931427
0.9999891519546509
0.12487789243459702
0.9999561309814453
0.9988386034965515
0.999994158744812
0.9998486042022705
0.9999916553497314
0.9998927116394043
0.9999721050262451
0.9946110248565674
0.99998939037323
0.9951357245445251
0.9999902248382568
0.9999686479568481
0.99998939037323
0.9960600733757019
0.9999502897262573
0.9999819993972778
0.9999922513961792
0.9849093556404114
0.9999947547912598
0.9866651296615601
0.0002449721214361489
0.999974250793457
0.999996542930603
0.012986951507627964
0.9999878406524658
0.00019612970936577767
0.9999929666519165
0.9998860359191895
0.9999966621398926
0.993599534034729
0.9999945163726807
0.9999940395355225
0.9999934434890747
0.9999755620956421
0.9999902248382568
8.995889220386744e-05
0.9977090358734131
0.9997683167457581
0.9997629523277283
0.9999589920043945
0.9997456669807434
0.22147884964942932
0.9999819993972778
0.9999275207519531
0.999969482421875
0.9999817609786987
0.9998654127120972
0.001580997253768146
0.9999963045120239
0.00022938790789339691
0.9999428987503052
0.9998788833618164
0.9999645948410034
0.9999387264251709
0.9999936819076538
0.00015076437557581812
0.9999969005584717
0.9999852180480957
0.9999963045120239
0.9980224370956421
0.9998786449432373
0.9998348951339722
0.9999135732650757
0.9612149000167847
0.9999510049819946
0.9989659786224365
0.9999861717224121
0.9982892870903015
0.9999909400939941
0.9999370574951172
0.9999526739120483
0.00029758739401586354
0.9998761415481567
0.9999915361404419
0.9999946355819702
0.9995548129081726
0.9999960660934448
0.9999674558639526
0.031159615144133568
0.999736487865448
0.9943727254867554
0.999875545501709
0.9979780316352844
0.9995877146720886
0.9999948740005493
7.212498894659802e-05
0.999854564666748
0.009573020972311497
0.9999942779541016
0.00034205205156467855
0.9999890327453613
0.9972471594810486
0.9999911785125732
0.00029516074573621154
0.9999938011169434
0.9997548460960388
0.9999860525131226
0.9933518171310425
0.9999964237213135
0.0019528461853042245
0.9999949932098389
0.9999775886535645
0.9999878406524658
0.006164091173559427
0.9999957084655762
0.9997844099998474
0.9999939203262329
0.004642099607735872
0.9999642372131348
0.9997938275337219
0.9999592304229736
0.9999747276306152
0.9999963045120239
0.9994456171989441
0.9999970197677612
0.9999690055847168
0.9999927282333374
0.005339187104254961
0.9999688863754272
0.00012452648661565036
0.9999719858169556
0.9999847412109375
0.9999476671218872
0.9999896287918091
0.9999771118164062
0.9998492002487183
0.9998620748519897
0.9999380111694336
0.9999626874923706
0.999894380569458
0.9999709129333496
0.010770951397716999
0.9999784231185913
0.9999104738235474
0.999976634979248
0.9999829530715942
0.999993085861206
0.9999809265136719
0.9999934434890747
0.9996685981750488
0.9999924898147583
0.9984922409057617
0.9999953508377075
0.9996110796928406
0.9994261264801025
0.0004549174045678228
0.999961256980896
0.9999681711196899
0.9999953508377075
0.9995347261428833
0.9999939203262329
0.9997417330741882
0.9999754428863525
0.9999462366104126
0.9999861717224121
0.999908447265625
0.9999599456787109
0.9995344877243042
0.9999780654907227
0.9984006285667419
0.9999879598617554
0.997918426990509
0.999994158744812
0.9999829530715942
0.9999750852584839
0.9999768733978271
0.9998935461044312
0.00018731635645963252
0.9999511241912842
0.9999381303787231
0.9999916553497314
0.4153912365436554
0.9999860525131226
0.9997803568840027
0.9999706745147705
7.232148345792666e-05
0.9999954700469971
0.0023798756301403046
0.9999902248382568
0.9994869232177734
0.9999717473983765
0.9999457597732544
0.9999958276748657
0.9999786615371704
0.9999902248382568
0.9999390840530396
0.9999675750732422
0.9999884366989136
0.9998542070388794
0.9963777661323547
0.9999850988388062
0.9999063014984131
0.9999711513519287
0.00031204085098579526
0.9999939203262329
0.03682692348957062
0.9999476671218872
0.9975085258483887
0.9999858140945435
0.0008086478337645531
0.9999966621398926
0.9999922513961792
0.9999685287475586
0.0011189839569851756
0.9999078512191772
0.9986482262611389
0.9999866485595703
0.9805263876914978
0.9999699592590332
0.999941349029541
0.999985933303833
0.9999932050704956
0.9999865293502808
0.0006499399896711111
0.9999960660934448
0.9971469044685364
0.9999494552612305
0.9913513660430908
0.9999958276748657
0.9999719858169556
0.9999568462371826
5.233774209045805e-05
0.9999815225601196
0.000237656116951257
0.9972710013389587
0.9995384216308594
0.999964714050293
0.001943932380527258
0.9999909400939941
0.9999091625213623
0.9999716281890869
0.0024102150928229094
0.9999945163726807
0.9133039116859436
0.9999803304672241
0.00036793327308259904
0.9999605417251587
0.9999666213989258
0.9999769926071167
0.9996763467788696
0.9999884366989136
0.17273485660552979
0.9999645948410034
0.9993461966514587
0.9999901056289673
7.643026037840173e-05
0.9999886751174927
0.0026877333875745535
0.9999786615371704
0.9999580383300781
0.9999918937683105
1.8786038708640262e-05
0.9999816417694092
0.9997550845146179
0.9999696016311646
0.9999829530715942
0.9999868869781494
0.99996018409729
0.9999969005584717
0.4677480161190033
0.9999948740005493
0.0008790083811618388
0.9999833106994629
0.9999475479125977
0.9988725781440735
0.9931859970092773
0.9999721050262451
0.9996032118797302
0.9999966621398926
0.0003453547542449087
0.9999884366989136
0.9985768795013428
0.9999924898147583
0.001844012993387878
0.9999855756759644
0.99544757604599
0.9999359846115112
0.9998101592063904
0.9999624490737915
0.9991816878318787
0.9928047060966492
0.003865351201966405
0.9999842643737793
0.9975912570953369
0.999976396560669
0.999233603477478
0.9999926090240479
0.9970928430557251
0.9999890327453613
0.9978716373443604
0.9999934434890747
0.999420166015625
0.9999938011169434
0.010023047216236591
0.9999794960021973
0.00025859527522698045
0.999984622001648
0.9999356269836426
0.9999920129776001
0.9881734251976013
0.999988317489624
0.04582992568612099
0.9999886751174927
0.7584086060523987
0.9999959468841553
0.9947834610939026
0.9999959468841553
0.9955109357833862
0.9999964237213135
0.8939295411109924
0.9999861717224121
0.9998615980148315
0.9998321533203125
0.9998462200164795
0.9999861717224121
0.9999572038650513
0.9999923706054688
0.9998786449432373
0.9999712705612183
0.999716579914093
0.9996308088302612
0.9999368190765381
0.9999828338623047
0.999957799911499
0.9999880790710449
0.008846312761306763
0.9998890161514282
0.00023990633781068027
0.9999761581420898
0.9995694756507874
0.9999885559082031
0.9999865293502808
0.9991833567619324
0.9998878240585327
0.9999939203262329
4.519234789768234e-05
0.9997908473014832
0.009961621835827827
0.999005138874054
0.9989757537841797
0.9999434947967529
0.9999809265136719
0.9999747276306152
0.999821126461029
0.9999780654907227
0.999894380569458
0.9999924898147583
0.03356035798788071
0.9996235370635986
0.9996067881584167
0.9999797344207764
0.9999814033508301
0.9999088048934937
4.151878601987846e-05
0.9999802112579346
0.0011150717036798596
0.9999779462814331
0.9997536540031433
0.015075785107910633
0.7333444952964783
0.9999817609786987
0.033395636826753616
0.9999449253082275
0.9234638214111328
0.9999938011169434
0.0002119257696904242
0.9999877214431763
0.9999675750732422
0.9999868869781494
0.9998843669891357
0.9999289512634277
5.761010106652975e-05
0.9999876022338867
0.9999048709869385
0.9999934434890747
0.9999256134033203
0.9999916553497314
0.999817430973053
0.0020366848912090063
1.7183345335070044e-05
0.9999111890792847
0.9998810291290283
0.9999696016311646
0.9999934434890747
0.9999854564666748
0.004128921777009964
0.9999924898147583
0.9912592768669128
0.9999772310256958
0.9998248219490051
0.999982476234436
0.9999641180038452
0.999983549118042
0.994721531867981
0.9999971389770508
0.9935455918312073
0.9999958276748657
0.00041773065458983183
0.9999520778656006
0.9992641806602478
0.9998651742935181
0.05102584883570671
0.999992847442627
0.999984622001648
0.9999711513519287
0.9997738003730774
0.9998588562011719
0.016595792025327682
0.999896764755249
0.9999833106994629
0.9999645948410034
0.9994218349456787
0.999173104763031
5.4458814702229574e-05
0.9999880790710449
0.9997720122337341
0.999995231628418
0.981692910194397
0.9999949932098389
7.751961675239727e-05
0.9999963045120239
0.9948139190673828
0.9999924898147583
0.00037543426151387393
0.9999839067459106
0.18641948699951172
0.9999922513961792
0.9999927282333374
0.0002032131451414898
0.9999921321868896
0.9990617632865906
0.0009966394864022732
0.9999566078186035
0.009225086309015751
0.9999963045120239
0.9938401579856873
0.9998679161071777
0.00010874365398194641
0.9999969005584717
0.9985055923461914
0.9999480247497559
0.9921731948852539
0.9999915361404419
0.9999884366989136
0.9998270869255066
0.9999637603759766
0.0030227007810026407
0.9801102876663208
0.9999852180480957
0.9999721050262451
0.9999920129776001
0.019018618389964104
0.9997697472572327
0.9999825954437256
0.999882698059082
1.25828273667139e-05
0.5613318085670471
0.00010890438716160133
0.9999878406524658
0.9995884299278259
0.9999425411224365
0.9999853372573853
0.9999780654907227
0.9998238682746887
0.9999686479568481
0.9997370839118958
0.9999841451644897
0.0018571207765489817
0.9999423027038574
0.9998527765274048
0.9999821186065674
0.9979853630065918
0.9999866485595703
6.583695358131081e-05
0.9998767375946045
0.9818823933601379
0.0001859179319581017
0.994378387928009
0.9886738657951355
0.8060144186019897
0.9999412298202515
0.9995031356811523
0.9999836683273315
0.999975323677063
0.9999905824661255
0.9997666478157043
0.9999823570251465
0.9999067783355713
0.9999759197235107
0.9876869320869446
0.9998959302902222
0.999880313873291
0.9999879598617554
0.9998961687088013
0.9999618530273438
0.9999552965164185
0.9972080588340759
0.9929463267326355
0.9986734390258789
0.9998618364334106
0.9999939203262329
0.999983549118042
0.9999798536300659
0.9999364614486694
0.999988317489624
0.9999631643295288
0.999993085861206
0.9999556541442871
0.9873701333999634
0.9981220364570618
0.9999936819076538
0.9998836517333984
0.999994158744812
0.9999697208404541
0.999992847442627
0.9999821186065674
0.9999898672103882
0.9997287392616272
0.009437297470867634
0.9995612502098083
0.9995805621147156
0.958834171295166
0.999988317489624
0.9993353486061096
0.99997878074646
0.9993141889572144
0.9999704360961914
0.9991082549095154
0.999745786190033
0.9999510049819946
0.9999339580535889
0.9999537467956543
0.9999234676361084
0.9991316199302673
0.9999781847000122
0.9999371767044067
0.999976396560669
0.9999736547470093
0.9999617338180542
0.9999858140945435
0.9999810457229614
8.596302359364927e-05
0.9998125433921814
0.9999189376831055
0.9999929666519165
0.0034837420098483562
0.9998038411140442
0.9999876022338867
0.9999874830245972
0.9999741315841675
0.9999934434890747
0.9996182918548584
0.9999804496765137
0.9633532166481018
0.999951958656311
0.9999744892120361
0.9999964237213135
0.9954248070716858
0.9999767541885376
0.9989994168281555
0.9999722242355347
0.9995437264442444
0.9999405145645142
0.9999783039093018
0.9999370574951172
0.0040021780878305435
0.9999774694442749
0.0012729517184197903
0.9994027614593506
0.9981683492660522
0.9931885004043579
0.039155859500169754
0.9999892711639404
0.9998359680175781
0.9999619722366333
0.9990457892417908
0.9998596906661987
0.00045525230234488845
0.9999741315841675
0.9997153878211975
0.9999862909317017
0.0006320115644484758
0.9999924898147583
0.039413440972566605
0.9999936819076538
0.9801494479179382
0.9999669790267944
0.9999717473983765
0.9999866485595703
0.9994125366210938
0.9998125433921814
0.9998670816421509
0.9999680519104004
0.9999845027923584
0.9999887943267822
0.30765217542648315
0.000473277410492301
0.9999942779541016
0.9999970197677612
0.999980092048645
0.9999656677246094
0.9999864101409912
0.9964796900749207
4.185949364909902e-05
0.9999958276748657
0.9999587535858154
0.9999897480010986
0.0014577839756384492
0.9999920129776001
0.9980137348175049
0.9999855756759644
0.9999608993530273
0.9841558933258057
0.9999793767929077
0.9999285936355591
0.09353933483362198
0.9999847412109375
0.08863960951566696
0.9999912977218628
0.9999535083770752
0.999944806098938
0.9998490810394287
0.999648928642273
0.9998231530189514
0.9998136162757874
0.9998859167098999
0.9999935626983643
0.019014684483408928
0.9999876022338867
0.9548745155334473
0.9999517202377319
0.9998500347137451
0.9999525547027588
0.9999533891677856
0.9999891519546509
0.0006355420919135213
0.986021101474762
0.9999818801879883
0.9999765157699585
6.382117135217413e-05
0.9999972581863403
0.9995973706245422
0.9998096823692322
0.99991774559021
0.9999909400939941
0.9991748929023743
0.9999942779541016
0.9994811415672302
0.9999953508377075
0.0004914753953926265
0.9999960660934448
0.005597996525466442
0.9999889135360718
0.9999833106994629
0.9999933242797852
0.00019544850511010736
0.9999622106552124
0.0034661665558815002
0.9999866485595703
0.9975841045379639
0.99998939037323
0.021512357518076897
0.9999542236328125
0.9990798234939575
0.999768078327179
0.004215776454657316
0.9999374151229858
0.9999674558639526
0.9999957084655762
0.9999357461929321
0.9999707937240601
0.9996026158332825
0.999944806098938
0.9999788999557495
0.9998672008514404
0.9998086094856262
0.9998252987861633
0.004862112458795309
0.9999791383743286
0.9999878406524658
0.999995231628418
0.9997209906578064
0.9999954700469971
0.0003325205761939287
0.9999861717224121
0.9998356103897095
0.057092029601335526
0.9999760389328003
0.9999960660934448
0.9998900890350342
0.9999803304672241
0.9729472398757935
0.9999949932098389
0.9998716115951538
0.9999761581420898
0.9999936819076538
0.9999873638153076
0.9999914169311523
0.9999889135360718
0.9999877214431763
0.999817430973053
0.9975987076759338
0.9978391528129578
0.9999773502349854
0.9999567270278931
0.998606264591217
0.9999681711196899
0.9121609330177307
0.9999892711639404
0.9999027252197266
0.9999805688858032
0.9978541731834412
0.9999942779541016
0.9999586343765259
0.9999961853027344
0.9999164342880249
0.9999645948410034
0.9999797344207764
0.9999972581863403
0.9992484450340271
0.9999326467514038
0.00034971802961081266
0.9999967813491821
0.9999662637710571
0.99998939037323
0.9994298815727234
0.9999898672103882
0.9997072815895081
0.9994521737098694
0.9996428489685059
0.9999701976776123
0.9999717473983765
0.9999749660491943
0.9978874325752258
0.9999949932098389
0.003969850484281778
0.9999557733535767
0.00015126072685234249
0.9999514818191528
0.9999469518661499
0.9999910593032837
0.9982984662055969
0.9999884366989136
0.9997977614402771
0.9999855756759644
0.9994862079620361
0.9999878406524658
0.9999353885650635
0.9999171495437622
0.9999750852584839
0.9998261332511902
0.9993553757667542
0.999993085861206
0.9998434782028198
0.999923586845398
0.0022810890804976225
0.9705253839492798
0.00025370222283527255
0.9998792409896851
0.0007682866998948157
0.999995231628418
0.5684463977813721
0.9996567964553833
0.007318076211959124
0.9999700784683228
0.9994551539421082
0.9999765157699585
0.0024362041149288416
0.9999817609786987
0.9999626874923706
0.9999926090240479
0.17957793176174164
0.9999967813491821
0.9677845239639282
0.9999222755432129
0.9999475479125977
0.9999586343765259
0.0036355257034301758
0.9999897480010986
0.9996716976165771
0.9988662004470825
0.9997965693473816
0.9999847412109375
0.999680757522583
0.9999710321426392
0.999977707862854
0.9999167919158936
0.9997394680976868
0.999957799911499
0.9999293088912964
0.9999324083328247
0.9999922513961792
0.9999940395355225
0.004167189821600914
0.9999911785125732
0.004193722270429134
0.99997878074646
0.9998549222946167
0.9999943971633911
0.9997323155403137
0.9999456405639648
0.9980744123458862
0.9999111890792847
0.9986107349395752
0.9996856451034546
0.999862790107727
0.999993085861206
0.9996553659439087
0.9999735355377197
0.9993178844451904
0.989730954170227
0.9572373628616333
0.9999750852584839
0.9999833106994629
0.9999828338623047
0.9998775720596313
0.9999328851699829
0.9999841451644897
0.9999380111694336
0.0014811750734224916
0.9999279975891113
0.9973510503768921
0.9999414682388306
0.9998829364776611
0.9999752044677734
0.9991651773452759
0.9999909400939941
0.9999719858169556
0.9997348189353943
0.9999687671661377
0.9999371767044067
0.9999368190765381
0.9999657869338989
0.0016002715565264225
0.9999772310256958
0.9998024106025696
0.9999829530715942
0.04283702373504639
0.9999897480010986
5.4078591347206384e-05
0.9999758005142212
0.9999308586120605
0.9999873638153076
0.999849796295166
0.9999587535858154
0.9998832941055298
0.9999828338623047
7.631897460669279e-05
0.997882068157196
0.00010012041457230225
0.9999942779541016
0.9998542070388794
0.9999785423278809
0.9177302718162537
0.9596779346466064
0.0002152003871742636
0.9999549388885498
0.00015341896505560726
0.9999778270721436
0.01086044404655695
0.9999818801879883
0.9999275207519531
0.9999788999557495
0.9999529123306274
0.9999876022338867
0.9997518658638
0.9999920129776001
0.046313799917697906
0.9998621940612793
0.00011074668873334303
0.9999840259552002
0.9828273057937622
0.9999864101409912
0.9742143154144287
0.9999867677688599
0.998150646686554
0.9999346733093262
0.9997996687889099
0.999995231628418
0.0016002373304218054
0.9999762773513794
0.9999830722808838
0.9999722242355347
0.0015113040572032332
0.9993995428085327
0.0002768052800092846
0.999961256980896
0.00031524754012934864
0.9999873638153076
0.9999779462814331
