0.9514661431312561
0.9626697301864624
0.9605611562728882
0.9560139179229736
0.9314504861831665
0.945056140422821
0.9369269609451294
0.9517422318458557
0.9444870948791504
0.9532315135002136
0.9458683729171753
0.9383648633956909
0.9563941955566406
0.95338374376297
0.9146226644515991
0.9397373795509338
0.9670788049697876
0.9209786653518677
0.9571587443351746
0.9246737957000732
0.9520190358161926
0.9141764044761658
0.9596008658409119
0.9409815073013306
0.9465263485908508
0.9311638474464417
0.9230941534042358
0.9249399900436401
0.9361479878425598
0.9538450837135315
0.94227534532547
0.931946337223053
0.9392443895339966
0.9137130379676819
0.9354630708694458
0.9452773928642273
0.9357515573501587
0.9438287615776062
0.9373616576194763
0.9450739622116089
0.9365689754486084
0.9475692510604858
0.9363675713539124
0.9296059012413025
0.9122176170349121
0.9048460721969604
0.924592137336731
0.9334875345230103
0.9425061941146851
0.9247381687164307
0.9432479739189148
0.9292855858802795
0.9208774566650391
0.9276719093322754
0.9395759701728821
0.9487452507019043
0.9072356820106506
0.9231022596359253
0.9456079602241516
0.9464129209518433
0.9491433501243591
0.9294450283050537
0.9331936836242676
0.9256768226623535
0.9422085285186768
0.9585382342338562
0.9264199137687683
0.9333025813102722
0.932303249835968
0.9493882060050964
0.9321087002754211
0.9265021681785583
0.9359749555587769
0.9500129222869873
0.8932386040687561
0.9300281405448914
0.9481385350227356
0.9473800659179688
0.9498001337051392
0.9129667282104492
0.9334522485733032
0.9447134733200073
0.9593185782432556
0.944338858127594
0.9370198249816895
0.9400514960289001
0.9494857788085938
0.940886914730072
0.9454471468925476
0.9467383027076721
0.9405434131622314
0.9453042149543762
0.9375925064086914
0.9246668219566345
0.9291123747825623
0.9482157826423645
0.9161370396614075
0.9507397413253784
0.9363758563995361
0.9338245987892151
0.9368161559104919
0.9257936477661133
0.930836021900177
0.9486841559410095
0.9184414744377136
0.9595217108726501
0.954900324344635
0.9484775066375732
0.9441847801208496
0.9254178404808044
0.9293645024299622
0.9329138398170471
0.9544246196746826
0.9410625696182251
0.9418888688087463
0.9386892318725586
0.9185454845428467
0.9111509919166565
0.9527575373649597
0.9614478349685669
0.9465104937553406
0.9424302577972412
0.9395729303359985
0.9486453533172607
0.9455053210258484
0.9295058250427246
0.9155635237693787
0.961747944355011
0.9450157284736633
0.9192336797714233
0.9346159100532532
0.9317646622657776
0.9453573226928711
0.9464957118034363
0.9347782731056213
0.939009428024292
0.9512496590614319
0.8887386322021484
0.9423096776008606
0.9186537861824036
0.9237846732139587
0.9362900257110596
0.9564414620399475
0.9404343962669373
0.9402152895927429
0.9279224276542664
0.9274251461029053
0.9398104548454285
0.9525715708732605
0.9409708380699158
0.9519979953765869
0.9471715092658997
0.9660718441009521
0.9399049282073975
0.9243239760398865
0.9444580078125
0.9191985130310059
0.9391829967498779
0.9355619549751282
0.9536393880844116
0.94125896692276
0.9471232295036316
0.9468353986740112
0.9435930848121643
0.9190055727958679
0.9413958191871643
0.9570005536079407
0.9375355839729309
0.9528365731239319
0.9345864057540894
0.9479525089263916
0.9637935161590576
0.9621539115905762
0.9328013062477112
0.9576109051704407
0.9544137120246887
0.9154765605926514
0.9397327303886414
0.9590369462966919
0.9633882641792297
